7.9260
-6.8892
0
0
0
1
14.5472
-1.2308
0
0
1
0
14.6276
0.7179
0
0
1
0
6.8052
-6.8425
0
0
0
1
13.1973
-0.6422
0
0
1
0
7.2139
8.1748
0
1
0
0
12.5621
0.1668
0
0
1
0
9.6467
-6.9258
0
0
0
1
6.8808
-7.0307
0
0
0
1
13.5926
0.8001
0
0
1
0
1.2594
0.6852
1
0
0
0
13.6132
-0.8581
0
0
1
0
8.2785
7.1307
0
1
0
0
5.5844
6.0518
0
1
0
0
7.5557
-8.7179
0
0
0
1
0.9443
-1.9542
1
0
0
0
8.3437
6.9347
0
1
0
0
0.2492
-1.3556
1
0
0
0
7.6588
7.8290
0
1
0
0
7.6548
7.3146
0
1
0
0
-0.9595
2.6289
1
0
0
0
5.7770
-5.9082
0
0
0
1
16.4304
-0.0985
0
0
1
0
7.3025
-7.6918
0
0
0
1
5.9918
6.1326
0
1
0
0
14.5101
-1.7670
0
0
1
0
-0.3835
-1.0520
1
0
0
0
7.9854
-8.4664
0
0
0
1
-0.7581
-1.6650
1
0
0
0
12.2494
0.7104
0
0
1
0
13.9272
1.8833
0
0
1
0
6.5010
-7.0749
0
0
0
1
6.0383
-6.3635
0
0
0
1
12.9954
-0.0862
0
0
1
0
-0.5861
0.1620
1
0
0
0
-0.5266
0.7208
1
0
0
0
0.9967
0.0200
1
0
0
0
7.8678
-5.1405
0
0
0
1
-0.6050
-1.0725
1
0
0
0
0.1685
-0.8320
1
0
0
0
0.4316
0.8968
1
0
0
0
-0.5785
-1.2287
1
0
0
0
-0.0063
2.0807
1
0
0
0
14.6292
0.0530
0
0
1
0
7.1939
-6.3083
0
0
0
1
7.8895
-7.6856
0
0
0
1
6.6537
6.4976
0
1
0
0
6.2302
-7.0057
0
0
0
1
7.2624
-6.7568
0
0
0
1
6.8330
-7.3970
0
0
0
1
13.9856
0.7282
0
0
1
0
0.5985
0.0689
1
0
0
0
-0.7637
0.0327
1
0
0
0
8.4946
5.0486
0
1
0
0
7.2359
6.6826
0
1
0
0
14.5407
-0.3799
0
0
1
0
14.3608
-0.2463
0
0
1
0
6.9770
7.4105
0
1
0
0
13.1386
-0.2550
0
0
1
0
14.7079
-0.0498
0
0
1
0
14.0625
-0.6558
0
0
1
0
5.9910
5.5952
0
1
0
0
0.5849
-0.1604
1
0
0
0
7.4545
-5.3042
0
0
0
1
14.0946
-1.0239
0
0
1
0
0.8180
0.5649
1
0
0
0
3.9709
7.3388
0
1
0
0
9.2655
-7.4958
0
0
0
1
6.6391
8.9969
0
1
0
0
12.6664
0.1741
0
0
1
0
13.7416
-0.2189
0
0
1
0
13.9844
0.1910
0
0
1
0
7.2080
8.7605
0
1
0
0
-1.4060
0.0208
1
0
0
0
7.8703
6.2193
0
1
0
0
0.3692
0.1209
1
0
0
0
6.0920
8.0526
0
1
0
0
7.9388
5.9135
0
1
0
0
0.0554
-0.0368
1
0
0
0
-0.1838
0.8062
1
0
0
0
13.5235
0.0123
0
0
1
0
14.8095
2.1338
0
0
1
0
14.8035
0.0685
0
0
1
0
5.4083
-7.0431
0
0
0
1
15.2428
-2.7532
0
0
1
0
11.5561
2.9199
0
0
1
0
6.7299
-7.1121
0
0
0
1
-0.9534
1.0976
1
0
0
0
6.9256
-9.1219
0
0
0
1
7.6128
6.2407
0
1
0
0
4.9151
-6.8120
0
0
0
1
7.8868
6.6901
0
1
0
0
-1.3006
0.6802
1
0
0
0
-0.7848
0.5290
1
0
0
0
6.1987
7.0179
0
1
0
0
-1.3914
1.0135
1
0
0
0
1.5374
-0.0269
1
0
0
0
-0.3308
0.3135
1
0
0
0
8.0353
7.9477
0
1
0
0
7.2940
7.3912
0
1
0
0
12.3091
-0.3097
0
0
1
0
13.2398
-0.7458
0
0
1
0
6.4650
-5.5801
0
0
0
1
5.2051
8.6348
0
1
0
0
7.7531
-7.9653
0
0
0
1
14.8675
0.3541
0
0
1
0
7.0025
7.0200
0
1
0
0
5.3358
7.0841
0
1
0
0
-0.3224
0.8339
1
0
0
0
-0.1311
-0.1794
1
0
0
0
6.7483
6.9832
0
1
0
0
7.1762
7.4295
0
1
0
0
14.5551
-0.3459
0
0
1
0
5.9970
-6.7743
0
0
0
1
-0.0259
1.4484
1
0
0
0
6.9295
-6.2532
0
0
0
1
0.3269
1.3059
1
0
0
0
7.0831
-7.7716
0
0
0
1
7.2737
-6.3935
0
0
0
1
8.1326
-7.6203
0
0
0
1
13.4062
-0.1231
0
0
1
0
6.7221
8.2941
0
1
0
0
8.5256
-8.5765
0
0
0
1
12.7492
-0.6136
0
0
1
0
6.7249
7.5198
0
1
0
0
-0.3276
0.3317
1
0
0
0
2.0941
0.8488
1
0
0
0
-1.1264
0.1109
1
0
0
0
-0.9373
1.3219
1
0
0
0
14.7778
-0.3821
0
0
1
0
6.7765
7.6229
0
1
0
0
8.9579
4.9212
0
1
0
0
16.5807
1.5489
0
0
1
0
6.4610
-6.7821
0
0
0
1
8.3420
5.8844
0
1
0
0
8.5551
-6.6837
0
0
0
1
8.9565
6.4048
0
1
0
0
14.6312
0.0047
0
0
1
0
13.3406
-1.2486
0
0
1
0
7.2137
7.4269
0
1
0
0
15.2286
-0.5650
0
0
1
0
0.3253
0.5654
1
0
0
0
5.5956
7.5883
0
1
0
0
13.4932
0.1338
0
0
1
0
8.6830
-7.0309
0
0
0
1
8.1437
-5.5557
0
0
0
1
6.2646
6.6743
0
1
0
0
6.7737
-7.4864
0
0
0
1
7.0762
-7.7412
0
0
0
1
5.9563
7.4288
0
1
0
0
6.7273
-7.9661
0
0
0
1
7.9224
-7.5799
0
0
0
1
15.7769
-0.2648
0
0
1
0
6.6054
7.3544
0
1
0
0
14.3170
0.1151
0
0
1
0
14.9194
0.0818
0
0
1
0
15.0235
-0.0297
0
0
1
0
16.7019
-2.0863
0
0
1
0
-0.1072
0.1387
1
0
0
0
-0.0503
-0.5825
1
0
0
0
7.5570
-7.1279
0
0
0
1
-1.2937
-0.7333
1
0
0
0
8.3907
-7.1620
0
0
0
1
15.7221
0.0312
0
0
1
0
-0.1170
-0.3735
1
0
0
0
9.3011
-5.7973
0
0
0
1
0.3666
0.0530
1
0
0
0
0.7952
-2.0251
1
0
0
0
6.8174
-6.6155
0
0
0
1
1.4819
1.0654
1
0
0
0
13.9395
1.8659
0
0
1
0
14.6805
-0.9907
0
0
1
0
14.5651
-1.7313
0
0
1
0
8.4445
-7.0397
0
0
0
1
13.4637
-0.8610
0
0
1
0
14.1544
0.3014
0
0
1
0
-0.2684
0.8828
1
0
0
0
6.4834
6.8572
0
1
0
0
14.6551
0.4615
0
0
1
0
13.6075
0.0819
0
0
1
0
0.6667
0.7582
1
0
0
0
7.4925
-4.7504
0
0
0
1
14.1106
-2.1319
0
0
1
0
7.5972
-7.5469
0
0
0
1
-0.4438
0.1379
1
0
0
0
15.2395
0.4482
0
0
1
0
13.8852
0.1571
0
0
1
0
7.4136
-6.0825
0
0
0
1
6.7423
7.6307
0
1
0
0
5.2420
6.9933
0
1
0
0
7.8585
7.4211
0
1
0
0
14.1019
0.0765
0
0
1
0
6.2042
-6.5427
0
0
0
1
7.7431
-8.1789
0
0
0
1
7.4686
-6.3264
0
0
0
1
-0.9865
0.1518
1
0
0
0
2.2368
0.7748
1
0
0
0
-0.8150
1.4876
1
0
0
0
5.3569
6.3245
0
1
0
0
13.4354
0.1764
0
0
1
0
6.3778
-5.9329
0
0
0
1
7.6607
-7.3008
0
0
0
1
13.9917
-0.1804
0
0
1
0
13.9877
-0.3015
0
0
1
0
13.3032
-0.4046
0
0
1
0
-0.8382
1.1508
1
0
0
0
-0.1721
-1.6340
1
0
0
0
7.5700
-7.2148
0
0
0
1
8.1244
-8.3683
0
0
0
1
-0.3771
-0.8299
1
0
0
0
12.7563
-1.5023
0
0
1
0
6.3891
7.2096
0
1
0
0
14.9098
-1.3221
0
0
1
0
0.2018
-0.4152
1
0
0
0
-1.6033
-0.3001
1
0
0
0
6.6536
-6.7961
0
0
0
1
7.4334
-5.5357
0
0
0
1
6.4280
-7.6328
0
0
0
1
6.7499
-7.2354
0
0
0
1
5.1834
-8.0653
0
0
0
1
13.0207
1.1543
0
0
1
0
-1.4986
-0.2925
1
0
0
0
14.4726
-1.1785
0
0
1
0
5.6671
6.9298
0
1
0
0
0.4820
0.2899
1
0
0
0
6.2962
-8.0718
0
0
0
1
13.2740
0.7183
0
0
1
0
7.4091
-8.5379
0
0
0
1
14.3540
0.1535
0
0
1
0
14.8781
0.2898
0
0
1
0
-1.3235
-0.8947
1
0
0
0
5.3858
6.7800
0
1
0
0
6.6988
5.8262
0
1
0
0
1.3933
0.7435
1
0
0
0
7.0967
-7.6450
0
0
0
1
14.5809
-0.5299
0
0
1
0
14.3224
0.0611
0
0
1
0
15.5510
1.6717
0
0
1
0
6.5174
-6.4276
0
0
0
1
6.1990
7.6374
0
1
0
0
0.5988
1.3953
1
0
0
0
8.2278
6.9001
0
1
0
0
6.9272
7.1129
0
1
0
0
7.5553
-5.7798
0
0
0
1
14.4778
1.9080
0
0
1
0
13.5310
0.9428
0
0
1
0
-0.9640
-0.7523
1
0
0
0
12.6938
-0.0442
0
0
1
0
0.4852
-1.4671
1
0
0
0
-0.3360
-1.4427
1
0
0
0
-0.7107
1.0022
1
0
0
0
15.1037
-1.5219
0
0
1
0
6.2035
7.6020
0
1
0
0
14.9344
-0.7240
0
0
1
0
13.5530
0.2445
0
0
1
0
-0.1435
-0.5106
1
0
0
0
6.4468
6.4540
0
1
0
0
7.0410
-8.8757
0
0
0
1
14.0687
1.1023
0
0
1
0
12.6468
-0.2242
0
0
1
0
-1.0741
0.5542
1
0
0
0
-0.1669
0.8878
1
0
0
0
7.5863
-7.6913
0
0
0
1
5.7734
6.8920
0
1
0
0
14.7493
-1.1690
0
0
1
0
8.5986
7.5006
0
1
0
0
13.3972
-0.2831
0
0
1
0
-0.1137
0.6294
1
0
0
0
8.7621
6.0057
0
1
0
0
8.7010
-7.1710
0
0
0
1
14.7485
-1.1436
0
0
1
0
13.5979
0.2950
0
0
1
0
6.9518
-4.7440
0
0
0
1
-0.6616
0.8121
1
0
0
0
7.3094
6.5954
0
1
0
0
7.1978
7.8073
0
1
0
0
6.4025
7.1287
0
1
0
0
7.9015
6.8139
0
1
0
0
2.1764
0.7988
1
0
0
0
6.4182
-6.9102
0
0
0
1
7.2289
6.3503
0
1
0
0
0.8633
1.2315
1
0
0
0
14.3619
-1.1056
0
0
1
0
4.0228
-6.7876
0
0
0
1
9.3880
-6.8299
0
0
0
1
16.4152
1.9730
0
0
1
0
-0.2774
0.2847
1
0
0
0
15.4926
2.6416
0
0
1
0
14.6453
0.8683
0
0
1
0
13.2227
-0.7963
0
0
1
0
13.1980
-1.8667
0
0
1
0
15.9288
-0.0029
0
0
1
0
14.7399
0.4788
0
0
1
0
0.9258
-0.8510
1
0
0
0
6.6375
-8.8364
0
0
0
1
7.2516
-6.6867
0
0
0
1
7.3735
8.2951
0
1
0
0
7.5825
8.8861
0
1
0
0
7.8844
-6.7153
0
0
0
1
8.4299
-7.1276
0
0
0
1
8.6035
7.1793
0
1
0
0
8.9243
-7.6051
0
0
0
1
0.7192
0.0370
1
0
0
0
8.9344
-6.0125
0
0
0
1
13.8207
0.8850
0
0
1
0
0.3126
-1.7129
1
0
0
0
8.1636
7.2077
0
1
0
0
-0.0860
0.4408
1
0
0
0
15.4196
-1.0286
0
0
1
0
6.3552
-6.1098
0
0
0
1
13.5877
-0.6138
0
0
1
0
-1.4440
-0.0131
1
0
0
0
5.8364
-8.4255
0
0
0
1
-0.8884
-0.7734
1
0
0
0
14.6095
1.6080
0
0
1
0
-0.5015
0.2074
1
0
0
0
5.4963
5.5856
0
1
0
0
1.5783
0.4062
1
0
0
0
7.8222
-6.2642
0
0
0
1
0.0650
0.2854
1
0
0
0
7.6373
-6.0282
0
0
0
1
6.5087
7.9749
0
1
0
0
13.2395
0.6433
0
0
1
0
-0.7051
-1.8189
1
0
0
0
6.9768
-6.1432
0
0
0
1
-0.3351
-0.6936
1
0
0
0
0.5245
-2.2772
1
0
0
0
6.0823
-5.9180
0
0
0
1
0.8709
-1.7291
1
0
0
0
7.4725
-7.6624
0
0
0
1
-0.4542
0.1823
1
0
0
0
1.7513
0.7712
1
0
0
0
6.0747
-6.1330
0
0
0
1
15.8025
-1.7240
0
0
1
0
0.4427
-0.9014
1
0
0
0
6.5825
7.1970
0
1
0
0
12.3651
0.3861
0
0
1
0
7.0777
8.7132
0
1
0
0
0.2897
-1.6098
1
0
0
0
-0.0410
0.2892
1
0
0
0
7.3456
8.0477
0
1
0
0
15.3186
0.9703
0
0
1
0
1.6820
1.3171
1
0
0
0
7.2850
7.3847
0
1
0
0
6.6801
-6.7612
0
0
0
1
8.1948
-5.8297
0
0
0
1
5.2476
-6.1850
0
0
0
1
1.8705
-1.7258
1
0
0
0
14.7330
0.8192
0
0
1
0
6.2245
7.1100
0
1
0
0
7.6256
6.9036
0
1
0
0
0.2573
-0.6080
1
0
0
0
13.1829
-0.4942
0
0
1
0
13.2924
-1.3355
0
0
1
0
7.5736
6.6972
0
1
0
0
12.4414
0.7801
0
0
1
0
6.5976
-6.2840
0
0
0
1
7.3783
-8.1070
0
0
0
1
1.2159
1.0638
1
0
0
0
14.2599
0.1102
0
0
1
0
-0.2361
-0.5217
1
0
0
0
-0.4209
2.0157
1
0
0
0
6.6920
-6.8194
0
0
0
1
8.9916
-8.1477
0
0
0
1
6.8257
7.7260
0
1
0
0
6.5421
5.1598
0
1
0
0
6.1509
9.0730
0
1
0
0
-1.1582
-0.9977
1
0
0
0
7.9570
6.0976
0
1
0
0
6.9514
7.2187
0
1
0
0
15.0195
-1.2996
0
0
1
0
0.3296
-0.4753
1
0
0
0
13.5350
-0.1554
0
0
1
0
8.2857
-7.2375
0
0
0
1
13.1896
-1.0443
0
0
1
0
14.4933
0.8987
0
0
1
0
6.0209
7.1708
0
1
0
0
6.6409
6.6098
0
1
0
0
6.7360
-5.6926
0
0
0
1
13.7505
0.6217
0
0
1
0
6.6024
6.1557
0
1
0
0
-0.5173
-0.2640
1
0
0
0
1.2352
-1.6146
1
0
0
0
8.3148
7.9077
0
1
0
0
8.4693
5.9725
0
1
0
0
9.2472
-5.4076
0
0
0
1
15.5959
-0.3179
0
0
1
0
0.3394
1.1343
1
0
0
0
6.7170
-8.6401
0
0
0
1
6.5572
7.0149
0
1
0
0
15.4887
0.0862
0
0
1
0
14.2201
-0.4478
0
0
1
0
8.3807
-6.2565
0
0
0
1
7.3105
-7.9732
0
0
0
1
7.5536
7.6970
0
1
0
0
7.1984
8.2997
0
1
0
0
7.5278
5.0332
0
1
0
0
6.3717
-6.1387
0
0
0
1
9.2090
-6.3731
0
0
0
1
6.7610
-7.1371
0
0
0
1
7.0495
-5.7927
0
0
0
1
-0.6521
0.7553
1
0
0
0
-0.0766
0.4111
1
0
0
0
0.7662
0.8584
1
0
0
0
12.5219
0.0110
0
0
1
0
0.2468
-1.1097
1
0
0
0
6.3434
-5.9159
0
0
0
1
7.0798
7.4840
0
1
0
0
5.5857
-7.6409
0
0
0
1
13.3949
-0.1047
0
0
1
0
8.0518
6.5967
0
1
0
0
7.5812
7.2333
0
1
0
0
5.7323
7.2296
0
1
0
0
8.7089
-7.0440
0
0
0
1
6.9204
5.4417
0
1
0
0
7.6588
6.2344
0
1
0
0
7.1195
6.9416
0
1
0
0
12.5995
-0.6604
0
0
1
0
13.4160
-0.5771
0
0
1
0
-0.1014
1.1163
1
0
0
0
7.5220
-7.3254
0
0
0
1
14.8128
-1.8104
0
0
1
0
-1.0233
-1.5902
1
0
0
0
4.6680
-6.5762
0
0
0
1
13.7377
-1.1028
0
0
1
0
4.4434
5.3251
0
1
0
0
7.9080
5.9694
0
1
0
0
14.2871
-0.0678
0
0
1
0
6.5432
-6.9704
0
0
0
1
6.1975
-5.7557
0
0
0
1
6.6215
6.9919
0
1
0
0
8.2929
7.2061
0
1
0
0
14.0409
-0.7301
0
0
1
0
5.6425
6.9865
0
1
0
0
6.8786
-7.5679
0
0
0
1
14.4757
-0.1164
0
0
1
0
15.4702
1.0915
0
0
1
0
5.6123
6.2972
0
1
0
0
6.3354
6.5258
0
1
0
0
13.8957
1.0461
0
0
1
0
-0.1948
-0.4175
1
0
0
0
14.6839
-0.2424
0
0
1
0
7.0649
6.4898
0
1
0
0
1.3643
0.3390
1
0
0
0
13.3308
2.4316
0
0
1
0
0.6518
0.8479
1
0
0
0
6.8579
7.7556
0
1
0
0
12.2287
-0.8048
0
0
1
0
5.6282
6.4515
0
1
0
0
6.7942
8.6969
0
1
0
0
0.0828
-0.0081
1
0
0
0
6.7085
5.3718
0
1
0
0
5.6351
-6.6375
0
0
0
1
7.5743
6.2285
0
1
0
0
8.1580
-7.2226
0
0
0
1
6.6828
-7.3310
0
0
0
1
4.6211
8.4681
0
1
0
0
7.1345
-3.6563
0
0
0
1
7.5028
-6.4372
0
0
0
1
8.8809
-7.8147
0
0
0
1
0.9375
-0.7014
1
0
0
0
5.9619
-6.2424
0
0
0
1
4.6877
-6.7385
0
0
0
1
6.1467
5.6649
0
1
0
0
14.0833
-0.0394
0
0
1
0
0.9321
-0.1404
1
0
0
0
8.3079
-4.8268
0
0
0
1
7.6664
-7.6745
0
0
0
1
13.9230
-2.5996
0
0
1
0
7.4938
5.9558
0
1
0
0
-0.8763
-1.3718
1
0
0
0
7.4599
-7.1085
0
0
0
1
0.1053
-0.1497
1
0
0
0
-1.2631
0.3435
1
0
0
0
5.4499
6.8936
0
1
0
0
-1.4358
0.3855
1
0
0
0
5.9092
6.5647
0
1
0
0
14.3716
-1.1424
0
0
1
0
6.0801
-3.5872
0
0
0
1
6.4666
6.8452
0
1
0
0
6.9337
-7.6099
0
0
0
1
13.7047
0.1698
0
0
1
0
7.7578
9.5956
0
1
0
0
0.1472
0.3986
1
0
0
0
15.2308
-1.4132
0
0
1
0
0.7902
-1.4296
1
0
0
0
9.9495
8.2376
0
1
0
0
7.7090
7.4634
0
1
0
0
12.0424
0.9863
0
0
1
0
7.6999
9.0494
0
1
0
0
14.4169
0.3811
0
0
1
0
6.9924
5.3896
0
1
0
0
-0.0716
-0.3368
1
0
0
0
14.3961
-0.0895
0
0
1
0
-0.4613
-0.5978
1
0
0
0
5.8387
5.2622
0
1
0
0
6.9497
6.6249
0
1
0
0
5.4333
9.1345
0
1
0
0
4.8224
4.6221
0
1
0
0
6.6351
6.4743
0
1
0
0
7.9050
-7.4137
0
0
0
1
7.4392
7.0450
0
1
0
0
5.8115
8.8713
0
1
0
0
8.0070
-6.8116
0
0
0
1
15.7026
0.6029
0
0
1
0
15.4625
0.8265
0
0
1
0
0.2481
2.7316
1
0
0
0
4.2108
-9.0091
0
0
0
1
14.2805
-0.1334
0
0
1
0
-2.0776
0.8075
1
0
0
0
6.4511
-6.7078
0
0
0
1
6.2328
7.2171
0
1
0
0
15.4281
0.8838
0
0
1
0
13.3469
-0.0053
0
0
1
0
15.3148
0.3254
0
0
1
0
7.5593
8.3717
0
1
0
0
0.0581
-1.7235
1
0
0
0
6.8505
-7.6034
0
0
0
1
-0.5285
0.3621
1
0
0
0
7.9794
-6.2623
0
0
0
1
7.0032
-6.1029
0
0
0
1
6.8715
6.3424
0
1
0
0
8.1889
-6.4250
0
0
0
1
5.0442
-6.5960
0
0
0
1
7.3508
-5.3065
0
0
0
1
8.6011
-7.3739
0
0
0
1
6.0066
-7.2199
0
0
0
1
15.2353
0.3032
0
0
1
0
6.4457
-8.9254
0
0
0
1
0.1279
0.3798
1
0
0
0
1.5413
-0.4531
1
0
0
0
7.0015
-7.4289
0
0
0
1
6.0895
6.4304
0
1
0
0
8.4352
-8.2924
0
0
0
1
15.3128
0.3868
0
0
1
0
6.5818
6.1862
0
1
0
0
-1.2584
0.7599
1
0
0
0
0.0918
-0.5108
1
0
0
0
15.2635
-1.1578
0
0
1
0
-0.2485
0.8119
1
0
0
0
13.1568
-0.0986
0
0
1
0
7.4783
-7.3626
0
0
0
1
12.8920
-0.4861
0
0
1
0
7.5635
5.4552
0
1
0
0
7.4784
7.2456
0
1
0
0
13.1595
0.4229
0
0
1
0
7.2370
5.9077
0
1
0
0
6.0314
-9.0321
0
0
0
1
-1.4886
0.8998
1
0
0
0
6.8735
5.7591
0
1
0
0
6.0945
-5.7115
0
0
0
1
7.9473
-6.3699
0
0
0
1
8.0089
5.4077
0
1
0
0
5.7516
7.8596
0
1
0
0
-1.1317
-1.0776
1
0
0
0
5.3687
6.8785
0
1
0
0
5.2206
4.9878
0
1
0
0
14.1278
2.1269
0
0
1
0
6.8404
8.8274
0
1
0
0
15.5282
-0.5750
0
0
1
0
-0.7673
0.6723
1
0
0
0
5.9432
9.7868
0
1
0
0
14.2751
1.1354
0
0
1
0
6.2542
6.4392
0
1
0
0
-0.3586
-0.8701
1
0
0
0
14.1542
-0.6107
0
0
1
0
14.7652
-1.4928
0
0
1
0
7.2284
5.6901
0
1
0
0
4.9413
-7.6182
0
0
0
1
6.2760
6.4217
0
1
0
0
7.3658
-6.7360
0
0
0
1
13.5088
0.1727
0
0
1
0
0.0183
-0.7372
1
0
0
0
13.4099
-1.1651
0
0
1
0
6.4777
-7.6525
0
0
0
1
5.9449
-7.0568
0
0
0
1
0.6264
0.4995
1
0
0
0
-0.8076
0.2349
1
0
0
0
14.3679
0.7193
0
0
1
0
13.8949
-0.6873
0
0
1
0
6.2732
8.2388
0
1
0
0
0.2486
-0.1455
1
0
0
0
13.0615
-0.6936
0
0
1
0
0.6357
-0.0643
1
0
0
0
4.6658
8.2880
0
1
0
0
-0.9530
0.1990
1
0
0
0
4.4661
6.6767
0
1
0
0
14.3873
-0.4841
0
0
1
0
14.3145
0.5065
0
0
1
0
6.1625
-8.1629
0
0
0
1
6.2024
7.4458
0
1
0
0
4.9110
7.4932
0
1
0
0
6.6780
-8.5477
0
0
0
1
12.2080
-0.0220
0
0
1
0
5.5775
-7.4561
0
0
0
1
7.3268
7.9884
0
1
0
0
6.2628
7.7000
0
1
0
0
13.1661
-0.5539
0
0
1
0
8.2333
6.0859
0
1
0
0
15.5107
-0.9795
0
0
1
0
7.3323
-4.3922
0
0
0
1
1.7382
-1.3069
1
0
0
0
5.9498
-5.0152
0
0
0
1
4.2641
-7.2168
0
0
0
1
15.5503
0.6908
0
0
1
0
7.2787
7.4290
0
1
0
0
6.8807
-8.4845
0
0
0
1
5.4685
-5.7272
0
0
0
1
8.3561
8.2960
0
1
0
0
8.0079
8.3448
0
1
0
0
12.4511
0.2520
0
0
1
0
6.5109
-8.7273
0
0
0
1
0.1401
0.1736
1
0
0
0
-0.0755
1.4320
1
0
0
0
10.2025
6.5633
0
1
0
0
7.6340
-6.2233
0
0
0
1
0.8921
0.1650
1
0
0
0
2.6903
1.5370
1
0
0
0
7.5891
7.5213
0
1
0
0
14.2606
-0.5842
0
0
1
0
-2.2476
1.1648
1
0
0
0
5.4311
-8.1435
0
0
0
1
-0.5703
-1.1303
1
0
0
0
6.9643
-5.2516
0
0
0
1
-1.2882
0.4574
1
0
0
0
7.4926
-6.3137
0
0
0
1
13.5036
-1.2233
0
0
1
0
-1.5131
-2.0639
1
0
0
0
0.2291
-0.0720
1
0
0
0
-0.6943
-0.1072
1
0
0
0
9.2663
7.8124
0
1
0
0
6.8198
-5.9805
0
0
0
1
15.3142
-1.1414
0
0
1
0
9.4081
-6.3735
0
0
0
1
-0.1676
0.2171
1
0
0
0
13.8960
0.9490
0
0
1
0
6.5674
-8.0830
0
0
0
1
14.0815
0.3945
0
0
1
0
13.4908
-0.0126
0
0
1
0
7.5582
7.2224
0
1
0
0
0.7508
0.2054
1
0
0
0
6.2521
6.0759
0
1
0
0
15.0073
-1.0235
0
0
1
0
15.0847
1.1409
0
0
1
0
-0.0373
0.5717
1
0
0
0
4.8947
8.6777
0
1
0
0
8.1084
6.4437
0
1
0
0
5.8902
6.5505
0
1
0
0
0.7782
0.2576
1
0
0
0
0.5082
-1.5731
1
0
0
0
6.7343
7.5310
0
1
0
0
6.0734
-8.0789
0
0
0
1
0.6123
0.3543
1
0
0
0
0.9111
0.5883
1
0
0
0
6.2564
6.8397
0
1
0
0
5.4436
5.6336
0
1
0
0
-1.1883
0.2842
1
0
0
0
8.2591
7.1795
0
1
0
0
6.3169
7.6600
0
1
0
0
6.2803
7.0888
0
1
0
0
5.7016
7.2717
0
1
0
0
16.0205
0.9972
0
0
1
0
15.2377
1.1694
0
0
1
0
14.3001
0.7887
0
0
1
0
0.5415
0.2938
1
0
0
0
4.9353
9.7718
0
1
0
0
4.7622
7.6721
0
1
0
0
0.1025
-0.0896
1
0
0
0
-0.2790
0.2801
1
0
0
0
15.7223
0.9968
0
0
1
0
7.1508
-5.1832
0
0
0
1
12.4658
-1.7052
0
0
1
0
6.3206
7.1188
0
1
0
0
-0.1461
0.1095
1
0
0
0
7.7595
-7.3648
0
0
0
1
-2.4240
-0.9095
1
0
0
0
9.1432
-7.6101
0
0
0
1
-1.7011
1.3995
1
0
0
0
13.7389
0.7566
0
0
1
0
9.0718
-7.0360
0
0
0
1
8.4149
-7.0332
0
0
0
1
7.6507
5.8913
0
1
0
0
1.0016
-0.9904
1
0
0
0
10.9263
0.5276
0
0
1
0
0.1486
0.9652
1
0
0
0
7.4480
8.5677
0
1
0
0
6.0989
7.9472
0
1
0
0
8.8426
6.3840
0
1
0
0
13.5448
-0.9044
0
0
1
0
13.0833
0.5386
0
0
1
0
7.1575
-7.3921
0
0
0
1
-0.5427
-1.3410
1
0
0
0
6.3557
-6.5379
0
0
0
1
7.7301
7.4570
0
1
0
0
13.9253
0.2765
0
0
1
0
6.8083
6.4374
0
1
0
0
12.9023
0.9597
0
0
1
0
0.7629
0.0618
1
0
0
0
14.0622
1.4095
0
0
1
0
7.7326
-7.2943
0
0
0
1
-0.3509
0.2450
1
0
0
0
7.3207
6.0566
0
1
0
0
-0.7871
0.6623
1
0
0
0
7.3617
-5.9659
0
0
0
1
-0.2386
-0.3472
1
0
0
0
14.9783
-0.0952
0
0
1
0
7.2983
5.1116
0
1
0
0
15.5171
1.1642
0
0
1
0
-0.3745
0.4194
1
0
0
0
8.3480
8.3458
0
1
0
0
0.0300
-1.6191
1
0
0
0
7.3158
5.0939
0
1
0
0
-0.3157
-1.6466
1
0
0
0
5.0898
6.9042
0
1
0
0
-0.5012
0.2869
1
0
0
0
14.3760
-0.5100
0
0
1
0
16.4319
-0.8742
0
0
1
0
0.0327
-0.6804
1
0
0
0
0.6794
0.9586
1
0
0
0
14.3034
1.7016
0
0
1
0
6.9462
-5.9195
0
0
0
1
13.6702
-2.5773
0
0
1
0
6.9790
7.6450
0
1
0
0
12.9631
1.5473
0
0
1
0
0.9122
0.4795
1
0
0
0
-1.1106
-1.0251
1
0
0
0
-0.8162
0.1719
1
0
0
0
6.7337
5.8706
0
1
0
0
6.9478
-6.3706
0
0
0
1
-0.7826
1.4419
1
0
0
0
8.6843
7.6034
0
1
0
0
7.1787
-5.2425
0
0
0
1
0.7229
0.2209
1
0
0
0
8.2579
-6.2696
0
0
0
1
1.5519
-0.1119
1
0
0
0
6.5813
-5.8006
0
0
0
1
5.5187
-5.7941
0
0
0
1
5.8794
-8.2033
0
0
0
1
-0.8905
0.9232
1
0
0
0
7.9738
-6.9922
0
0
0
1
6.8473
-5.4219
0
0
0
1
14.2942
0.8564
0
0
1
0
7.0337
-7.4533
0
0
0
1
12.6804
-0.0867
0
0
1
0
6.9843
-7.6201
0
0
0
1
-1.1695
1.7295
1
0
0
0
12.9909
-0.0523
0
0
1
0
-0.5592
2.4953
1
0
0
0
1.6220
0.3838
1
0
0
0
14.0596
-0.7527
0
0
1
0
6.6767
-7.0163
0
0
0
1
5.5519
-7.3947
0
0
0
1
8.6241
-6.8746
0
0
0
1
-1.4228
1.1095
1
0
0
0
7.7167
-7.9561
0
0
0
1
6.1291
7.6971
0
1
0
0
7.1192
-6.8505
0
0
0
1
14.3217
-0.1654
0
0
1
0
14.3049
-0.5918
0
0
1
0
5.6836
-7.4043
0
0
0
1
15.0778
0.5189
0
0
1
0
15.5937
2.1364
0
0
1
0
7.3274
7.7177
0
1
0
0
5.5091
7.6836
0
1
0
0
6.2459
-7.0918
0
0
0
1
6.7007
7.4851
0
1
0
0
-0.0645
-0.9441
1
0
0
0
0.0835
0.2486
1
0
0
0
6.2230
-8.5420
0
0
0
1
0.2267
0.6868
1
0
0
0
13.9718
-1.8379
0
0
1
0
0.5585
-2.1231
1
0
0
0
7.2176
7.7925
0
1
0
0
5.8670
6.3576
0
1
0
0
4.9200
-6.5246
0
0
0
1
14.2334
0.8943
0
0
1
0
7.7732
-7.7561
0
0
0
1
0.5548
-1.6545
1
0
0
0
-0.2238
-0.0056
1
0
0
0
6.6608
5.6472
0
1
0
0
5.4114
6.5846
0
1
0
0
7.2806
-7.1849
0
0
0
1
13.1854
-0.2473
0
0
1
0
7.1098
7.8633
0
1
0
0
13.9364
-1.2508
0
0
1
0
13.6277
0.0264
0
0
1
0
14.8262
-0.2979
0
0
1
0
0.0395
-1.0061
1
0
0
0
7.7002
-4.9523
0
0
0
1
-0.2313
0.4603
1
0
0
0
0.7445
0.1733
1
0
0
0
8.4274
6.2526
0
1
0
0
6.1867
-7.0539
0
0
0
1
1.2538
-1.2276
1
0
0
0
14.1797
1.0733
0
0
1
0
8.3056
-7.4201
0
0
0
1
-0.6614
0.5330
1
0
0
0
16.4681
0.8669
0
0
1
0
7.5941
-6.4855
0
0
0
1
0.5936
0.2280
1
0
0
0
15.4561
0.8040
0
0
1
0
4.3808
-9.3702
0
0
0
1
13.7977
-0.5653
0
0
1
0
6.5744
6.4330
0
1
0
0
-0.5108
0.8057
1
0
0
0
0.0281
-0.2877
1
0
0
0
0.1391
-0.1786
1
0
0
0
6.2003
-6.0100
0
0
0
1
7.8846
6.4416
0
1
0
0
7.1585
8.9363
0
1
0
0
15.4501
1.1991
0
0
1
0
7.9790
-8.1590
0
0
0
1
8.0501
6.7218
0
1
0
0
6.9663
-6.4604
0
0
0
1
6.1526
-7.5414
0
0
0
1
12.7238
-2.8428
0
0
1
0
6.6983
6.3274
0
1
0
0
8.5823
6.3566
0
1
0
0
13.1479
-1.4250
0
0
1
0
7.1661
-7.0674
0
0
0
1
8.5350
7.5112
0
1
0
0
0.5530
-0.8963
1
0
0
0
14.8204
0.5396
0
0
1
0
7.0973
-6.6922
0
0
0
1
6.5941
-8.5296
0
0
0
1
7.6653
9.3696
0
1
0
0
6.4651
5.0777
0
1
0
0
7.1000
-6.7320
0
0
0
1
0.5002
0.5889
1
0
0
0
7.3665
8.2945
0
1
0
0
6.5918
7.7548
0
1
0
0
6.1074
8.5504
0
1
0
0
6.9836
-4.9037
0
0
0
1
-0.7534
0.8559
1
0
0
0
7.8566
7.6464
0
1
0
0
0.0802
0.9638
1
0
0
0
13.6132
-0.3843
0
0
1
0
14.7973
0.4345
0
0
1
0
1.1418
-0.9260
1
0
0
0
14.0762
-0.1681
0
0
1
0
-0.0895
0.4419
1
0
0
0
8.1128
6.0881
0
1
0
0
6.2557
-7.2211
0
0
0
1
-1.2090
0.8132
1
0
0
0
0.0442
-0.9749
1
0
0
0
8.0232
-6.9359
0
0
0
1
15.3692
0.4438
0
0
1
0
7.2558
8.6455
0
1
0
0
5.9477
5.8009
0
1
0
0
14.9141
-0.3927
0
0
1
0
14.3273
0.0994
0
0
1
0
5.8820
-7.7003
0
0
0
1
6.9522
-6.5775
0
0
0
1
0.7520
-0.5809
1
0
0
0
14.1491
-1.6316
0
0
1
0
7.6286
-7.8484
0
0
0
1
6.5535
-7.0532
0
0
0
1
7.3713
-8.6758
0
0
0
1
15.7786
0.5411
0
0
1
0
15.2278
0.8752
0
0
1
0
6.6260
7.0695
0
1
0
0
7.2271
7.6132
0
1
0
0
5.8501
9.4166
0
1
0
0
6.6157
6.1136
0
1
0
0
6.3364
7.4693
0
1
0
0
13.2641
1.7579
0
0
1
0
6.6865
6.7042
0
1
0
0
-0.1586
-0.5050
1
0
0
0
8.3997
-6.9634
0
0
0
1
0.9778
0.4287
1
0
0
0
7.7141
-6.9747
0
0
0
1
7.7160
8.0884
0
1
0
0
8.0943
7.1751
0
1
0
0
7.0696
6.4010
0
1
0
0
6.3943
-4.7785
0
0
0
1
-0.3824
-2.2374
1
0
0
0
6.6291
-6.1051
0
0
0
1
6.8486
5.5924
0
1
0
0
-0.4246
1.2631
1
0
0
0
8.6275
-6.2133
0
0
0
1
6.4131
7.7413
0
1
0
0
-0.2928
0.8261
1
0
0
0
7.5406
8.0335
0
1
0
0
14.0596
-0.2346
0
0
1
0
8.4606
-7.3082
0
0
0
1
6.5295
-5.6350
0
0
0
1
-1.0337
-0.4620
1
0
0
0
-0.2655
-0.6859
1
0
0
0
7.4495
-6.6112
0
0
0
1
-1.3926
-0.6919
1
0
0
0
7.9118
6.9692
0
1
0
0
6.8103
5.6839
0
1
0
0
8.5839
6.1999
0
1
0
0
6.4393
-8.7817
0
0
0
1
-0.2029
-0.6004
1
0
0
0
8.6867
6.4745
0
1
0
0
6.5995
8.4548
0
1
0
0
6.7868
-7.5918
0
0
0
1
13.4133
0.9324
0
0
1
0
7.5787
-6.2182
0
0
0
1
6.2441
-8.9037
0
0
0
1
14.3988
0.6892
0
0
1
0
-2.4146
0.9708
1
0
0
0
14.5417
-0.5210
0
0
1
0
6.7166
7.1876
0
1
0
0
16.1400
-0.5054
0
0
1
0
13.8333
0.3240
0
0
1
0
6.2540
-6.6233
0
0
0
1
13.9772
-0.7316
0
0
1
0
15.0550
-0.0420
0
0
1
0
-0.1460
-0.2433
1
0
0
0
13.0619
0.6817
0
0
1
0
13.8640
0.5759
0
0
1
0
8.3242
7.2294
0
1
0
0
6.9981
-8.3228
0
0
0
1
6.8092
6.5458
0
1
0
0
7.9017
-5.7204
0
0
0
1
0.2398
1.1071
1
0
0
0
-0.3141
-0.6067
1
0
0
0
0.7023
-1.3842
1
0
0
0
-2.3792
1.2296
1
0
0
0
0.5801
0.2914
1
0
0
0
6.9752
-7.8103
0
0
0
1
6.7939
-7.5167
0
0
0
1
0.2336
-0.0016
1
0
0
0
8.5741
7.8120
0
1
0
0
7.0390
-7.3327
0
0
0
1
14.6436
-0.3807
0
0
1
0
6.3978
6.8320
0
1
0
0
6.7933
7.3630
0
1
0
0
1.5775
-1.4897
1
0
0
0
8.6501
-6.7229
0
0
0
1
13.3353
1.3065
0
0
1
0
-1.1082
1.2160
1
0
0
0
7.2710
6.5887
0
1
0
0
6.8561
7.2317
0
1
0
0
14.0657
-1.3158
0
0
1
0
-1.0081
-1.0836
1
0
0
0
6.5182
7.0166
0
1
0
0
-1.8628
0.8822
1
0
0
0
5.1843
5.6667
0
1
0
0
5.5002
8.4766
0
1
0
0
9.0801
9.1442
0
1
0
0
-0.2206
0.1319
1
0
0
0
14.9040
0.2970
0
0
1
0
14.2830
-1.1897
0
0
1
0
15.4170
-0.9907
0
0
1
0
5.5822
-7.6763
0
0
0
1
7.2907
5.4521
0
1
0
0
6.3972
-7.7192
0
0
0
1
1.3836
-0.8030
1
0
0
0
14.2454
-1.7813
0
0
1
0
6.9688
-5.8227
0
0
0
1
11.8963
-1.0062
0
0
1
0
15.7827
0.4020
0
0
1
0
-0.9771
-0.8595
1
0
0
0
8.7747
-7.9841
0
0
0
1
14.9696
1.3514
0
0
1
0
15.2132
0.6183
0
0
1
0
8.8133
-7.3501
0
0
0
1
4.1852
-7.4056
0
0
0
1
0.0755
-0.6150
1
0
0
0
8.4373
-8.6981
0
0
0
1
7.5775
-5.1664
0
0
0
1
6.1051
7.3553
0
1
0
0
6.5461
-6.5643
0
0
0
1
14.0161
0.4820
0
0
1
0
0.7532
-2.6442
1
0
0
0
14.0310
-0.0257
0
0
1
0
6.4784
6.8062
0
1
0
0
14.2362
-0.6130
0
0
1
0
-1.6931
0.8183
1
0
0
0
-0.6855
0.3394
1
0
0
0
9.2380
5.1663
0
1
0
0
0.1792
-0.2222
1
0
0
0
14.1369
0.4032
0
0
1
0
6.4056
-4.4085
0
0
0
1
-0.1498
0.7002
1
0
0
0
13.9196
-0.1457
0
0
1
0
7.1396
-6.1926
0
0
0
1
7.9834
6.9272
0
1
0
0
6.6723
-7.8578
0
0
0
1
0.1033
0.5080
1
0
0
0
-0.7994
-1.0133
1
0
0
0
0.2490
1.0328
1
0
0
0
6.9209
8.0088
0
1
0
0
5.5861
6.6219
0
1
0
0
7.0052
-7.0147
0
0
0
1
-0.7337
-0.9828
1
0
0
0
13.3784
0.6915
0
0
1
0
-2.5200
-0.2751
1
0
0
0
5.5939
-8.2305
0
0
0
1
14.1257
0.8892
0
0
1
0
8.4582
-5.8819
0
0
0
1
12.1224
-0.7324
0
0
1
0
6.9927
-5.8043
0
0
0
1
-0.4709
1.1911
1
0
0
0
6.2967
7.6541
0
1
0
0
-2.6350
0.6205
1
0
0
0
6.6442
-7.3337
0
0
0
1
